22 0.483594 0.714815 0.129688 0.325926
0 0.177865 0.941204 0.157812 0.117593
0 0.133073 0.762500 0.125521 0.230556
0 0.247135 0.675463 0.100521 0.250926
0 0.294271 0.553241 0.066667 0.171296
0 0.323437 0.431481 0.056250 0.107407
19 0.294271 0.455556 0.048958 0.057407
9 0.234115 0.502778 0.070312 0.090741
0 0.512240 0.332407 0.033854 0.055556
17 0.512240 0.393519 0.020313 0.042593
17 0.551042 0.414352 0.022917 0.063889
19 0.866146 0.845370 0.109375 0.214815
20 0.902865 0.738889 0.039062 0.100000
17 0.372396 0.400000 0.014583 0.050000
1 0.302865 0.368981 0.032813 0.056481
0 0.384115 0.289815 0.020313 0.046296
3 0.334896 0.306019 0.021875 0.036111
3 0.349740 0.293519 0.020313 0.048148
1 0.407813 0.257407 0.018750 0.027778
3 0.409115 0.237037 0.013021 0.022222
5 0.430469 0.245833 0.015104 0.025000
17 0.448437 0.244444 0.008333 0.014815
19 0.390885 0.237037 0.013021 0.022222
19 0.351042 0.256944 0.017708 0.021296
11 0.375781 0.211111 0.015104 0.027778
19 0.396875 0.219907 0.007292 0.013889
23 0.400521 0.207870 0.005208 0.013889
19 0.440104 0.234259 0.008333 0.020370
19 0.429948 0.229630 0.008854 0.012963
19 0.417708 0.206944 0.006250 0.013889
17 0.411198 0.218519 0.004687 0.012963
19 0.424219 0.293056 0.018229 0.039815
23 0.467187 0.225463 0.009375 0.019444
19 0.434896 0.213889 0.009375 0.012963
