0 0.180729 0.919907 0.134375 0.160185
0 0.142187 0.750463 0.109375 0.208333
0 0.247135 0.669907 0.084896 0.239815
0 0.289844 0.537500 0.061979 0.171296
0 0.321875 0.429630 0.041667 0.090741
0 0.510156 0.298611 0.021354 0.043519
0 0.384896 0.316667 0.023958 0.057407
1 0.302865 0.371759 0.031771 0.067593
9 0.233073 0.506481 0.060937 0.094444
3 0.338021 0.301852 0.023958 0.044444
3 0.348438 0.288889 0.022917 0.048148
19 0.904167 0.759259 0.096875 0.175926
19 0.391927 0.246296 0.011979 0.033333
19 0.348698 0.263426 0.014063 0.025000
20 0.751563 0.569444 0.028125 0.088889
17 0.483073 0.321759 0.007812 0.036111
17 0.499219 0.324537 0.016146 0.030556
17 0.377083 0.469907 0.030208 0.075000
5 0.365365 0.238426 0.013021 0.028704
1 0.415885 0.286111 0.020313 0.035185
3 0.413802 0.255093 0.016146 0.023148
17 0.404948 0.241204 0.007812 0.026852
17 0.436719 0.228241 0.010937 0.019444
3 0.425781 0.233796 0.014063 0.023148
11 0.376042 0.210185 0.016667 0.029630
19 0.394271 0.225463 0.009375 0.017593
23 0.399740 0.209722 0.005729 0.015741
19 0.435156 0.342130 0.026562 0.060185
17 0.412240 0.323148 0.010937 0.037037
19 0.435417 0.213889 0.007292 0.012963
19 0.413542 0.203241 0.007292 0.010185
