0 0.183594 0.924537 0.142187 0.150926
0 0.138542 0.778704 0.117708 0.279630
0 0.244271 0.663889 0.075000 0.246296
0 0.297656 0.541204 0.064062 0.167593
9 0.229687 0.502778 0.069792 0.109259
19 0.298177 0.455556 0.058854 0.064815
17 0.388802 0.618519 0.044271 0.079630
19 0.867708 0.693981 0.106250 0.163889
17 0.620313 0.510648 0.034375 0.071296
17 0.545833 0.463426 0.031250 0.065741
17 0.407813 0.466204 0.026042 0.078704
19 0.457292 0.421296 0.052083 0.088889
1 0.426563 0.334259 0.033333 0.046296
0 0.381771 0.343981 0.030208 0.080556
0 0.320573 0.420833 0.042188 0.080556
1 0.301302 0.362037 0.032813 0.055556
3 0.334896 0.301389 0.021875 0.041667
3 0.345833 0.290741 0.019792 0.044444
3 0.415885 0.276389 0.018229 0.037963
0 0.510156 0.293519 0.020313 0.042593
20 0.719010 0.477778 0.023438 0.048148
17 0.473438 0.286574 0.005208 0.028704
17 0.466146 0.278704 0.005208 0.022222
17 0.411198 0.254630 0.007812 0.016667
17 0.394792 0.277778 0.008333 0.029630
19 0.392708 0.260185 0.015625 0.031481
3 0.363542 0.236111 0.011458 0.025926
19 0.393229 0.231481 0.011458 0.022222
3 0.420052 0.222685 0.008854 0.015741
17 0.427344 0.222685 0.003646 0.013889
19 0.430208 0.216204 0.007292 0.015741
19 0.418490 0.211574 0.008854 0.010185
23 0.400000 0.211574 0.007292 0.015741
13 0.400781 0.203704 0.010937 0.020370
11 0.375781 0.208796 0.015104 0.025000
