19 0.506771 0.665278 0.081250 0.156481
19 0.856771 0.679630 0.082292 0.138889
19 0.395573 0.275463 0.017188 0.036111
19 0.394531 0.235648 0.015104 0.023148
19 0.300260 0.446296 0.049479 0.042593
0 0.186719 0.918056 0.130729 0.163889
0 0.147135 0.792130 0.113021 0.302778
0 0.245833 0.656019 0.092708 0.250926
0 0.300260 0.539815 0.063021 0.179630
0 0.324219 0.418056 0.039062 0.095370
0 0.384896 0.374537 0.028125 0.080556
0 0.513021 0.287037 0.023958 0.044444
3 0.448437 0.419907 0.044792 0.075000
1 0.304948 0.367130 0.033854 0.062037
3 0.447396 0.418056 0.044792 0.075000
3 0.340104 0.302778 0.026042 0.048148
3 0.350521 0.286111 0.021875 0.040741
19 0.354427 0.253241 0.013021 0.019444
3 0.366927 0.232407 0.015104 0.024074
11 0.379688 0.204167 0.018750 0.030556
13 0.404427 0.201389 0.011979 0.021296
23 0.403385 0.212037 0.008854 0.016667
2 0.420833 0.211111 0.008333 0.016667
19 0.430990 0.211111 0.006771 0.014815
19 0.424740 0.207407 0.005729 0.012963
19 0.437760 0.208333 0.007812 0.016667
17 0.447135 0.251389 0.006771 0.017593
17 0.456510 0.251852 0.006771 0.020370
17 0.395833 0.316667 0.013542 0.037037
17 0.420833 0.281019 0.010417 0.021296
17 0.528125 0.362963 0.018750 0.038889
17 0.469010 0.303704 0.016146 0.029630
3 0.470313 0.218981 0.011458 0.019444
