0 0.183073 0.914815 0.134896 0.170370
0 0.148958 0.768981 0.133333 0.260185
0 0.250260 0.662037 0.082812 0.242593
0 0.299740 0.542593 0.061979 0.174074
0 0.384375 0.387037 0.035417 0.079630
0 0.327344 0.422222 0.043229 0.098148
0 0.512500 0.289815 0.020833 0.046296
9 0.238802 0.515278 0.066146 0.108333
1 0.488281 0.635185 0.090104 0.170370
1 0.641927 0.696759 0.125521 0.184259
19 0.857292 0.676389 0.085417 0.167593
19 0.397396 0.309259 0.025000 0.046296
19 0.301823 0.450463 0.042188 0.067593
19 0.396875 0.254167 0.017708 0.036111
17 0.936458 0.946759 0.077083 0.106481
17 0.413021 0.391204 0.015625 0.060185
17 0.425781 0.336111 0.014063 0.031481
17 0.489844 0.300000 0.010937 0.029630
17 0.445833 0.252778 0.008333 0.020370
17 0.450000 0.235648 0.008333 0.021296
17 0.435417 0.234259 0.006250 0.014815
3 0.338802 0.301389 0.028646 0.047222
3 0.351562 0.285185 0.019792 0.038889
3 0.368490 0.231481 0.017188 0.027778
11 0.380729 0.205556 0.017708 0.024074
1 0.307812 0.364352 0.034375 0.054630
13 0.409115 0.207407 0.017188 0.024074
23 0.405469 0.219907 0.009896 0.025000
3 0.471615 0.220370 0.009896 0.022222
3 0.419271 0.208796 0.006250 0.015741
19 0.429167 0.208333 0.006250 0.012963
3 0.425000 0.204167 0.006250 0.013889
