0 0.185677 0.912037 0.144271 0.175926
0 0.141927 0.797685 0.115104 0.306481
0 0.249219 0.659259 0.073438 0.248148
0 0.295573 0.550000 0.064062 0.185185
0 0.319271 0.425926 0.044792 0.098148
0 0.380469 0.391667 0.036979 0.088889
0 0.508594 0.294907 0.028646 0.063889
1 0.305469 0.369907 0.036979 0.060185
17 0.396094 0.594444 0.040104 0.100000
17 0.644531 0.531481 0.035937 0.087037
17 0.427083 0.422685 0.026042 0.058333
17 0.468490 0.272685 0.013021 0.030556
19 0.422396 0.368981 0.031250 0.069444
19 0.836198 0.657407 0.095312 0.133333
19 0.395052 0.276852 0.020313 0.040741
3 0.334896 0.304167 0.026042 0.049074
3 0.347656 0.288889 0.021354 0.051852
23 0.402865 0.228241 0.009896 0.021296
13 0.405990 0.213426 0.014063 0.026852
11 0.375260 0.208333 0.016146 0.025926
3 0.395313 0.215278 0.008333 0.017593
3 0.363281 0.239352 0.016146 0.026852
17 0.431771 0.236111 0.007292 0.014815
17 0.439323 0.230093 0.004687 0.017593
17 0.426042 0.224074 0.004167 0.011111
19 0.423177 0.209722 0.007812 0.013889
3 0.466927 0.223611 0.008854 0.017593
19 0.432812 0.213889 0.005208 0.012963
3 0.417187 0.205093 0.006250 0.015741
3 0.396615 0.204630 0.006771 0.012963
7 0.475000 0.578241 0.076042 0.156481
1 0.494792 0.397685 0.048958 0.062037
