0 0.187240 0.917593 0.139063 0.164815
0 0.151042 0.774074 0.137500 0.238889
0 0.246875 0.661111 0.082292 0.240741
0 0.299740 0.545370 0.068229 0.179630
0 0.322135 0.420833 0.041146 0.100926
0 0.385417 0.381481 0.035417 0.087037
3 0.813542 0.956481 0.202083 0.087037
9 0.587760 0.554167 0.095312 0.165741
19 0.801562 0.606944 0.082292 0.125000
19 0.445052 0.464352 0.068229 0.110185
19 0.411979 0.308333 0.028125 0.044444
0 0.511198 0.291667 0.022396 0.050000
19 0.296875 0.444444 0.050000 0.050000
9 0.238802 0.510648 0.070312 0.099074
1 0.460417 0.302315 0.027083 0.036111
17 0.431510 0.770833 0.049479 0.121296
3 0.336719 0.296296 0.033854 0.044444
1 0.305729 0.366667 0.032292 0.057407
3 0.350781 0.283333 0.021354 0.046296
3 0.366927 0.234259 0.013021 0.024074
3 0.393229 0.224537 0.013542 0.023148
23 0.406510 0.232870 0.009896 0.026852
17 0.457292 0.249074 0.006250 0.016667
17 0.428906 0.222222 0.005729 0.012963
17 0.434896 0.219444 0.004167 0.012963
17 0.423698 0.213426 0.003646 0.012037
13 0.409896 0.218981 0.015625 0.037963
3 0.398698 0.211111 0.007812 0.014815
11 0.377604 0.207870 0.015625 0.028704
0 0.399219 0.198611 0.007812 0.012037
17 0.570312 0.401852 0.019792 0.050000
20 0.594792 0.337963 0.014583 0.037037
