0 0.195312 0.906481 0.167708 0.187037
0 0.149219 0.775463 0.115104 0.254630
0 0.248177 0.657407 0.084896 0.240741
0 0.300260 0.546296 0.060937 0.177778
0 0.325781 0.418056 0.046354 0.106481
0 0.384635 0.386111 0.041146 0.081481
0 0.509635 0.282407 0.023438 0.042593
9 0.234115 0.507870 0.067187 0.108333
19 0.480208 0.761574 0.106250 0.206481
19 0.435156 0.381019 0.035937 0.071296
19 0.729948 0.522222 0.063021 0.105556
17 0.636979 0.515741 0.029167 0.088889
17 0.751302 0.876852 0.066146 0.148148
17 0.963281 0.946759 0.073438 0.106481
17 0.527344 0.338889 0.016146 0.044444
17 0.448698 0.234259 0.005729 0.016667
20 0.578646 0.325000 0.012500 0.033333
1 0.307031 0.365741 0.036979 0.059259
19 0.301823 0.446759 0.049479 0.047222
3 0.338542 0.300000 0.023958 0.046296
3 0.352344 0.287037 0.022396 0.038889
3 0.368229 0.235185 0.017708 0.029630
3 0.389844 0.237500 0.013021 0.028704
23 0.408073 0.241667 0.011979 0.033333
7 0.531771 0.443519 0.060417 0.094444
9 0.485417 0.352315 0.037500 0.078704
1 0.446875 0.266667 0.020833 0.025926
13 0.413542 0.222222 0.017708 0.046296
11 0.379427 0.204167 0.016146 0.023148
9 0.397396 0.215741 0.008333 0.018519
17 0.430990 0.212963 0.004687 0.012963
17 0.424740 0.210648 0.004687 0.012037
3 0.470052 0.218981 0.009896 0.015741
19 0.397135 0.202778 0.007812 0.012963
