0 0.189844 0.909259 0.139063 0.181481
0 0.153125 0.761574 0.125000 0.249074
0 0.253646 0.654167 0.084375 0.243519
0 0.304427 0.528704 0.069271 0.174074
0 0.326302 0.412963 0.041146 0.092593
0 0.387760 0.386111 0.038021 0.088889
0 0.493229 0.252778 0.017708 0.042593
19 0.302344 0.432407 0.045312 0.050000
9 0.242708 0.489352 0.084375 0.089815
1 0.573698 0.550000 0.082812 0.127778
19 0.459375 0.534722 0.081250 0.137963
19 0.655208 0.445833 0.047917 0.100926
17 0.616667 0.460648 0.027083 0.063889
17 0.717448 0.626389 0.040104 0.117593
17 0.509115 0.357407 0.016146 0.050000
17 0.542188 0.350000 0.015625 0.046296
17 0.502604 0.295370 0.011458 0.038889
7 0.478906 0.321296 0.040104 0.055556
1 0.311979 0.354167 0.052083 0.056481
3 0.342187 0.289815 0.025000 0.064815
3 0.352865 0.268519 0.024479 0.061111
3 0.368490 0.219907 0.017188 0.023148
3 0.396094 0.252315 0.022396 0.036111
23 0.413542 0.245370 0.011458 0.035185
13 0.417708 0.221296 0.023958 0.053704
9 0.397396 0.212963 0.010417 0.018519
1 0.439323 0.233333 0.013021 0.024074
9 0.458333 0.277778 0.027083 0.046296
20 0.565104 0.294444 0.008333 0.029630
3 0.472917 0.208796 0.009375 0.019444
17 0.444010 0.212963 0.006771 0.014815
17 0.428385 0.197685 0.004687 0.010185
17 0.423438 0.194444 0.005208 0.011111
17 0.418750 0.189352 0.004167 0.010185
17 0.411979 0.191204 0.004167 0.008333
8 0.405469 0.191204 0.006771 0.013889
11 0.379167 0.193981 0.016667 0.025000
17 0.399219 0.198148 0.004687 0.014815
