0 0.190365 0.906481 0.141146 0.185185
0 0.155469 0.769444 0.116146 0.274074
0 0.252865 0.647685 0.085938 0.239815
0 0.302865 0.530556 0.058854 0.185185
0 0.327865 0.408796 0.050521 0.115741
0 0.394010 0.433796 0.041146 0.112037
0 0.471094 0.243519 0.020313 0.037037
17 0.550781 0.386574 0.018229 0.052778
17 0.845313 0.806019 0.057292 0.156481
17 0.538542 0.337500 0.014583 0.043519
17 0.501042 0.291204 0.014583 0.036111
17 0.477865 0.275000 0.010937 0.033333
17 0.485417 0.261574 0.007292 0.030556
17 0.439063 0.203704 0.005208 0.014815
17 0.414323 0.193519 0.005729 0.007407
17 0.427083 0.191667 0.006250 0.012963
17 0.417969 0.184259 0.005729 0.011111
3 0.472917 0.206481 0.010417 0.022222
1 0.490365 0.344444 0.039062 0.053704
1 0.310417 0.343981 0.038542 0.078704
3 0.342187 0.286111 0.027083 0.044444
3 0.354167 0.272222 0.026042 0.044444
3 0.369792 0.218056 0.013542 0.028704
7 0.455990 0.262037 0.023438 0.035185
9 0.424740 0.303704 0.035937 0.061111
23 0.417969 0.265741 0.023438 0.048148
11 0.444010 0.243056 0.018229 0.034259
13 0.419531 0.231944 0.028646 0.067593
9 0.395313 0.219907 0.014583 0.026852
11 0.379688 0.189815 0.018750 0.025926
17 0.397135 0.203241 0.008854 0.017593
19 0.596615 0.387037 0.036979 0.068519
20 0.545573 0.274537 0.009896 0.028704
19 0.302865 0.439352 0.055729 0.078704
