0 0.188021 0.905093 0.133333 0.189815
0 0.153646 0.787037 0.117708 0.281481
0 0.248438 0.643519 0.078125 0.227778
0 0.299740 0.527315 0.064062 0.165741
0 0.413542 0.591667 0.067708 0.179630
0 0.327865 0.413426 0.040104 0.091667
19 0.300260 0.439352 0.054688 0.063889
19 0.566667 0.339815 0.025000 0.053704
9 0.245312 0.490741 0.085417 0.088889
13 0.423177 0.253241 0.038021 0.080556
1 0.310677 0.347685 0.044271 0.050926
3 0.340104 0.287037 0.026042 0.048148
3 0.355208 0.279167 0.025000 0.047222
3 0.369271 0.221759 0.012500 0.026852
11 0.380729 0.194444 0.015625 0.024074
9 0.393750 0.239815 0.014583 0.029630
17 0.565104 0.497222 0.030208 0.081481
17 0.544010 0.381481 0.015104 0.050000
17 0.505208 0.309722 0.012500 0.034259
17 0.502083 0.287963 0.013542 0.029630
17 0.479427 0.268981 0.007812 0.036111
17 0.471615 0.250463 0.009896 0.025000
17 0.455469 0.243981 0.010937 0.021296
1 0.460417 0.282407 0.022917 0.038889
0 0.456250 0.228241 0.013542 0.030556
3 0.441406 0.238426 0.018229 0.030556
17 0.396354 0.212500 0.009375 0.019444
0 0.406771 0.199074 0.009375 0.020370
17 0.413021 0.204167 0.006250 0.012037
1 0.426563 0.207870 0.008333 0.017593
3 0.470833 0.209259 0.010417 0.020370
19 0.437760 0.196759 0.005729 0.015741
17 0.422396 0.191204 0.004167 0.010185
